1 0.0655 0.7021276595744681 0.121 0.3037417461482025
0 0.42275 0.06456346294937637 0.0405 0.06603081438004403
1 0.321 0.05979457079970653 0.058 0.06969919295671312
1 0.053 0.02090975788701394 0.054000000000000006 0.04035216434336023
1 0.2575 0.173514306676449 0.054000000000000006 0.08143800440205429
1 0.34600000000000003 0.18525311812179016 0.068 0.10051357300073367
0 0.5875 0.20763022743947174 0.041 0.07043286867204697
0 0.55 0.264490095377843 0.06 0.08437270726338958
1 0.68725 0.14343360234776228 0.0565 0.0946441672780631
1 0.825 0.1966250917094644 0.047 0.08070432868672046
1 0.77575 0.4787234042553192 0.0835 0.1049156272927366
1 0.9315 0.3547322083639032 0.061 0.08290535583272192
1 0.49525 0.4170946441672781 0.0685 0.11225238444607484
