0 0.06032482598607888 0.4834782608695652 0.09280742459396753 0.1391304347826087
0 0.08700696055684455 0.1208695652173913 0.06728538283062645 0.09565217391304348
1 0.14675174013921113 0.08956521739130435 0.05452436194895592 0.09565217391304348
1 0.30974477958236657 0.04608695652173913 0.05568445475638052 0.08521739130434783
0 0.22853828306264495 0.11739130434782608 0.07192575406032482 0.10956521739130434
0 0.26392111368909515 0.28347826086956524 0.04524361948955916 0.07652173913043478
0 0.21577726218097448 0.4773913043478261 0.08584686774941995 0.13043478260869565
0 0.15777262180974475 0.64 0.10904872389791184 0.11130434782608696
1 0.2105568445475638 0.8765217391304347 0.13109048723897912 0.21913043478260869
0 0.35788863109048724 0.6591304347826087 0.14037122969837587 0.16
0 0.324245939675174 0.3773913043478261 0.09164733178654293 0.12521739130434786
0 0.34454756380510443 0.13652173913043478 0.07192575406032482 0.0782608695652174
0 0.4396751740139211 0.15130434782608695 0.06496519721577726 0.09043478260869564
1 0.5 0.11391304347826088 0.07192575406032482 0.09913043478260868
1 0.4889791183294663 0.35043478260869565 0.08932714617169374 0.13043478260869565
0 0.5696055684454756 0.2617391304347826 0.06264501160092807 0.09913043478260868
0 0.6293503480278422 0.11130434782608696 0.0777262180974478 0.11478260869565216
0 0.7343387470997679 0.10869565217391304 0.06960556844547564 0.0782608695652174
0 0.7447795823665894 0.2669565217391304 0.06264501160092807 0.08869565217391304
1 0.6803944315545244 0.4269565217391305 0.09860788863109048 0.15478260869565216
0 0.6345707656612529 0.6643478260869565 0.09048723897911833 0.12521739130434786
1 0.7534802784222738 0.7956521739130434 0.10092807424593968 0.1443478260869565
1 0.8283062645011601 0.4982608695652174 0.09048723897911833 0.1373913043478261
0 0.8654292343387471 0.1443478260869565 0.06032482598607888 0.09391304347826086
0 0.9756380510440836 0.08869565217391304 0.04872389791183295 0.07304347826086957
1 0.9240139211136892 0.31478260869565217 0.07308584686774942 0.09739130434782607
