1 0.02244897959183673 0.2490942028985507 0.030612244897959183 0.07065217391304347
1 0.13418367346938775 0.1105072463768116 0.06020408163265306 0.12681159420289856
1 0.2596938775510204 0.32518115942028986 0.021428571428571432 0.07065217391304347
0 0.37295918367346936 0.3278985507246377 0.025510204081632654 0.05797101449275361
1 0.4081632653061225 0.14945652173913046 0.034693877551020415 0.09239130434782608
1 0.5173469387755102 0.17028985507246375 0.026530612244897958 0.08333333333333333
1 0.5061224489795918 0.22916666666666666 0.028571428571428567 0.06702898550724637
1 0.6566326530612245 0.2282608695652173 0.03571428571428571 0.06884057971014493
1 0.7061224489795919 0.2364130434782609 0.0326530612244898 0.07065217391304347
1 0.7719387755102041 0.3007246376811594 0.017346938775510204 0.04710144927536232
1 0.8183673469387756 0.24728260869565216 0.036734693877551024 0.07065217391304347
1 0.8928571428571429 0.2726449275362319 0.030612244897959183 0.06340579710144928
1 0.9275510204081632 0.27445652173913043 0.026530612244897958 0.06702898550724637
