0 0.10100186393289842 0.2578775805867439 0.06407269338303821 0.10865628395508874
1 0.2353215284249767 0.21206084751901488 0.04193849021435228 0.07352408547627673
1 0.27190121155638397 0.21441506700470844 0.03308480894687791 0.05070626584570807
1 0.3417986952469711 0.19358927924664976 0.03727865796831314 0.0633828323071351
1 0.2124883504193849 0.41198840999637815 0.06896551724137931 0.10612097066280334
1 0.31325722273998136 0.5304237595074248 0.09715750232991613 0.16117348786671495
1 0.3922413793103448 0.20916334661354585 0.025396085740913333 0.046722202100688164
1 0.4147250698974837 0.2426657008330315 0.03308480894687791 0.0572256428830134
1 0.4831081081081081 0.2997102499094531 0.04962721342031687 0.10394784498370156
1 0.5472972972972973 0.21930459978268746 0.03308480894687791 0.07352408547627673
1 0.6729962721342032 0.4367982614994567 0.08597390493942217 0.13763129300977905
1 0.8812907735321528 0.8683448026077508 0.1614631873252563 0.24302788844621515
1 0.7709692451071761 0.28377399492937344 0.05917986952469712 0.09163346613545817
