1 0.669 0.6586538461538461 0.122 0.1881868131868132
1 0.8029999999999999 0.5590659340659341 0.132 0.19505494505494506
1 0.9425 0.4546703296703297 0.059 0.1043956043956044
1 0.828 0.2582417582417583 0.066 0.08516483516483518
1 0.931 0.22115384615384606 0.034 0.06868131868131869
1 0.6865 0.3646978021978022 0.079 0.11126373626373626
1 0.6315 0.19848901098901092 0.043 0.07554945054945053
1 0.5635 0.4519230769230769 0.073 0.11263736263736265
1 0.3685 0.4567307692307692 0.073 0.12225274725274725
1 0.509 0.3633241758241758 0.06 0.0782967032967033
1 0.2515 0.4196428571428572 0.061 0.07554945054945053
1 0.1185 0.5274725274725275 0.073 0.11813186813186813
1 0.0515 0.38186813186813184 0.055 0.07967032967032966
1 0.2395 0.2225274725274725 0.057 0.07142857142857142
1 0.358 0.16964285714285715 0.052000000000000005 0.07554945054945053
1 0.4785 0.2184065934065934 0.029 0.0576923076923077
1 0.5329999999999999 0.25686813186813184 0.034 0.06043956043956044
1 0.1425 0.17307692307692307 0.057 0.07417582417582418
