0 0.12666666666666668 0.2093949044585988 0.02666666666666667 0.05254777070063695
0 0.265 0.2699044585987261 0.028333333333333325 0.06210191082802548
0 0.4979166666666667 0.2014331210191083 0.0275 0.08121019108280254
0 0.5916666666666667 0.1536624203821656 0.03333333333333333 0.08121019108280254
0 0.6520833333333333 0.28582802547770697 0.04416666666666667 0.08439490445859872
0 0.7516666666666667 0.21496815286624205 0.02666666666666667 0.04777070063694268
0 0.7158333333333333 0.2213375796178344 0.02333333333333333 0.04777070063694268
0 0.6808333333333333 0.2285031847133758 0.028333333333333325 0.06210191082802548
0 0.6595833333333333 0.1751592356687898 0.02583333333333333 0.044585987261146494
0 0.8583333333333333 0.1839171974522293 0.03333333333333333 0.07165605095541401
