1 0.20666666666666667 0.1582687338501292 0.05333333333333334 0.07881136950904392
1 0.2891666666666667 0.38372093023255816 0.043333333333333335 0.06718346253229975
1 0.4654166666666666 0.20671834625323002 0.0475 0.06976744186046513
1 0.9125 0.19896640826873385 0.041666666666666664 0.06459948320413436
1 0.69 0.21963824289405684 0.03666666666666667 0.05167958656330749
1 0.6091666666666666 0.1996124031007752 0.03333333333333333 0.04521963824289407
1 0.5654166666666667 0.23126614987080105 0.029166666666666667 0.04392764857881137
1 0.07875 0.19315245478036167 0.0275 0.040051679586563305
1 0.29125 0.1524547803617571 0.02583333333333333 0.04392764857881137
1 0.3391666666666667 0.1834625322997416 0.01833333333333333 0.033591731266149866
1 0.38875 0.18863049095607234 0.019166666666666658 0.02842377260981912
1 0.9725 0.20284237726098192 0.01833333333333333 0.02842377260981912
