1 0.0435 0.23423423423423426 0.077 0.13813813813813813
1 0.243 0.3776276276276277 0.07400000000000001 0.12462462462462462
1 0.416 0.4496996996996997 0.07400000000000001 0.11861861861861862
1 0.5765 0.4106606606606607 0.063 0.13063063063063066
1 0.7055 0.4016516516516517 0.073 0.1036036036036036
1 0.8220000000000001 0.4069069069069069 0.066 0.0990990990990991
1 0.8759999999999999 0.3813813813813814 0.032 0.07207207207207207
0 0.9255 0.3896396396396397 0.055 0.08858858858858859
0 0.5055 0.3213213213213213 0.069 0.09009009009009007
0 0.645 0.3588588588588589 0.042 0.1021021021021021
