1 0.846 0.1679160419790105 0.056 0.08995502248875563
0 0.936 0.3020989505247376 0.044 0.08245877061469266
1 0.645 0.1979010494752624 0.046 0.07196401799100449
1 0.71 0.2938530734632684 0.034 0.056971514242878565
1 0.092 0.2113943028485757 0.042 0.07496251874062969
0 0.1195 0.280359820089955 0.055 0.0929535232383808
0 0.4775 0.19715142428785606 0.065 0.10044977511244378
0 0.1965 0.2938530734632684 0.055 0.08995502248875563
0 0.022 0.20164917541229385 0.042 0.06446776611694154
0 0.3635 0.24812593703148425 0.047 0.0704647676161919
0 0.603 0.21964017991004492 0.036000000000000004 0.058470764617691164
0 0.7265 0.15592203898050974 0.047 0.06596701649175413
0 0.2385 0.2331334332833583 0.035 0.06446776611694154
