1 0.033 0.30392156862745096 0.034 0.0873440285204991
1 0.1135 0.2798573975044563 0.047 0.08912655971479501
1 0.2585 0.6212121212121212 0.035 0.0623885918003565
1 0.305 0.4385026737967914 0.038 0.0784313725490196
1 0.349 0.3645276292335116 0.036000000000000004 0.0623885918003565
1 0.418 0.40998217468805703 0.042 0.06417112299465241
1 0.4665 0.4081996434937611 0.033 0.0570409982174688
1 0.5715 0.3787878787878788 0.033 0.0659536541889483
1 0.638 0.3930481283422461 0.034 0.0659536541889483
1 0.723 0.3306595365418895 0.034 0.0623885918003565
0 0.2205 0.33868092691622104 0.037000000000000005 0.0784313725490196
0 0.3135 0.3538324420677362 0.029 0.0481283422459893
0 0.5325 0.3903743315508021 0.031 0.0677361853832442
0 0.394 0.3707664884135473 0.036000000000000004 0.0677361853832442
