1 0.7903787548976926 0.7258327890267798 0.09882455376578143 0.15316786414108427
0 0.8347845015237266 0.523514043109079 0.07705703090988246 0.11561071195297193
0 0.44721375707444494 0.5587851077726976 0.07858075750979539 0.11561071195297193
1 0.5207879843273835 0.6969301110385369 0.10208968219416632 0.1456564337034618
1 0.957771005659556 0.5476812540822992 0.0587723117109273 0.08752449379490529
1 0.1868741837178929 0.6291639451338994 0.08380496299521115 0.15055519268451992
1 0.076295167609926 0.5073481384715872 0.056813234653896386 0.0930764206401045
1 0.2663256421419242 0.5839320705421294 0.045058772311710925 0.10058785107772696
1 0.35176316935132784 0.532495101241019 0.05180670439703962 0.07805355976485957
1 0.3910535481062255 0.4910189418680601 0.056813234653896386 0.1107119529719138
1 0.5183935568132346 0.4872632266492489 0.06029603831084024 0.09274983670803397
1 0.5669351327818895 0.4859568909209666 0.04026991728341315 0.0705421293272371
1 0.6139529821506312 0.3930437622468975 0.029821506312581632 0.05519268451992162
1 0.7268175881584675 0.3577726975832789 0.041793643883326084 0.05519268451992162
0 0.2989769264257727 0.4923252775963423 0.04026991728341315 0.0728282168517309
1 0.12146277753591644 0.4118223383409536 0.033521985198084456 0.052906596995427824
1 0.3735306922072269 0.3866753755715219 0.045276447540269917 0.06792945787067277
0 0.4725729212015672 0.3386675375571522 0.03308663474096648 0.0496407576747224
1 0.5159991292990858 0.3166231221423906 0.014148889856334347 0.03429131286740692
1 0.6423595994775795 0.31025473546701504 0.01697866782760122 0.03527106466361855
1 0.4238136700043535 0.33442194644023515 0.022638223770134958 0.03853690398432397
1 0.2534828036569439 0.2983344219464402 0.018937744884632127 0.02841280209013717
1 0.6849151066608621 0.3713259307642064 0.03591641271223335 0.04702808621815807
1 0.5784719198955159 0.4273350751143044 0.031127557683935568 0.05388634879163945
1 0.9140182847191992 0.3145003265839321 0.020896821941663042 0.04114957544088831
1 0.9579886808881152 0.3053559764859569 0.021767522855899 0.04245591116917048
1 0.7815629081410536 0.34846505551926843 0.018937744884632127 0.032658393207054215
1 0.9372006965607314 0.3017635532331809 0.018067043970396168 0.03527106466361855
