1 0.017708333333333333 0.5162037037037037 0.02395833333333333 0.04351851851851852
1 0.07630208333333334 0.8050925925925926 0.02239583333333333 0.03611111111111112
1 0.07473958333333333 0.4949074074074074 0.025520833333333333 0.041666666666666664
1 0.13854166666666667 0.5060185185185185 0.025 0.052777777777777785
0 0.11901041666666665 0.6324074074074074 0.025520833333333333 0.05
0 0.16614583333333333 0.7148148148148148 0.020833333333333332 0.04444444444444445
1 0.13463541666666667 0.3754629629629629 0.024479166666666663 0.04722222222222222
1 0.1848958333333333 0.3851851851851852 0.0125 0.04629629629629629
0 0.146875 0.2717592592592593 0.021875 0.041666666666666664
1 0.0921875 0.15462962962962962 0.017708333333333333 0.03888888888888889
1 0.27421875 0.6888888888888889 0.028645833333333325 0.057407407407407414
1 0.3395833333333333 0.8986111111111111 0.03229166666666667 0.060185185185185175
1 0.3036458333333333 0.6240740740740741 0.026041666666666668 0.053703703703703705
0 0.2989583333333333 0.4837962962962963 0.01875 0.03796296296296296
1 0.2765625 0.4157407407407408 0.020833333333333332 0.04444444444444445
1 0.3729166666666667 0.4916666666666666 0.019791666666666662 0.04629629629629629
1 0.39375 0.7013888888888888 0.028125 0.05462962962962963
1 0.4291666666666665 0.8152777777777778 0.028125 0.060185185185185175
1 0.39817708333333335 0.8023148148148148 0.03072916666666666 0.060185185185185175
1 0.4822916666666667 0.9189814814814816 0.01875 0.045370370370370366
1 0.49296875 0.6587962962962963 0.028645833333333325 0.05648148148148147
1 0.4752604166666667 0.6055555555555555 0.03177083333333333 0.037037037037037035
1 0.45234375 0.4555555555555556 0.025520833333333333 0.04629629629629629
1 0.36041666666666666 0.375 0.026041666666666668 0.042592592592592585
1 0.2322916666666667 0.26203703703703696 0.021875 0.03518518518518519
0 0.22135416666666666 0.22175925925925927 0.019791666666666662 0.041666666666666664
0 0.2786458333333333 0.2717592592592593 0.022916666666666658 0.04351851851851852
0 0.3143229166666667 0.2462962962962963 0.01927083333333333 0.03888888888888889
1 0.38359375 0.2759259259259259 0.02239583333333333 0.042592592592592585
1 0.3622395833333333 0.2083333333333333 0.024479166666666663 0.042592592592592585
1 0.27682291666666664 0.08425925925925926 0.0171875 0.03518518518518519
1 0.3145833333333333 0.05231481481481482 0.015625 0.03425925925925926
1 0.34036458333333336 0.16666666666666666 0.01927083333333333 0.03148148148148148
1 0.4161458333333333 0.16111111111111112 0.019791666666666662 0.03333333333333333
1 0.2552083333333333 0.2069444444444445 0.017708333333333333 0.03425925925925926
1 0.4395833333333333 0.3773148148148148 0.025 0.03981481481481482
1 0.4747395833333333 0.3194444444444444 0.021354166666666667 0.04629629629629629
1 0.5075520833333333 0.3685185185185185 0.021354166666666667 0.04444444444444445
1 0.5190104166666667 0.4847222222222222 0.0203125 0.03981481481481482
1 0.6322916666666667 0.8791666666666667 0.03125 0.05648148148148147
1 0.6770833333333334 0.9680555555555556 0.035416666666666666 0.05833333333333333
1 0.62421875 0.5726851851851852 0.0265625 0.041666666666666664
1 0.6317708333333333 0.4069444444444445 0.02395833333333333 0.03796296296296296
1 0.5627604166666667 0.3842592592592592 0.024479166666666663 0.04629629629629629
1 0.5817708333333333 0.3476851851851852 0.019791666666666662 0.03425925925925926
1 0.5872395833333334 0.2837962962962963 0.01927083333333333 0.03611111111111112
1 0.53046875 0.2069444444444445 0.01927083333333333 0.032407407407407406
1 0.3309895833333333 0.017592592592592594 0.0140625 0.02962962962962963
0 0.4205729166666667 0.04861111111111111 0.013020833333333334 0.028703703703703707
1 0.4510416666666667 0.03287037037037037 0.01875 0.03796296296296296
1 0.5192708333333333 0.07777777777777778 0.016666666666666666 0.03518518518518519
1 0.56484375 0.031944444444444435 0.015104166666666669 0.030555555555555555
1 0.6526041666666667 0.1398148148148148 0.019791666666666662 0.037037037037037035
0 0.675 0.11435185185185184 0.016666666666666666 0.028703703703703707
1 0.6640625 0.2828703703703704 0.01875 0.032407407407407406
1 0.70078125 0.3949074074074074 0.0203125 0.03796296296296296
1 0.73203125 0.6148148148148148 0.0296875 0.05185185185185185
1 0.728125 0.4481481481481481 0.022916666666666658 0.04444444444444445
1 0.7513020833333334 0.4944444444444445 0.025520833333333333 0.04444444444444445
1 0.76484375 0.4189814814814815 0.02239583333333333 0.045370370370370366
1 0.7609375 0.5879629629629629 0.021875 0.04629629629629629
1 0.70859375 0.07453703703703704 0.0140625 0.030555555555555555
1 0.6700520833333333 0.016666666666666666 0.0171875 0.03148148148148148
1 0.7346354166666667 0.01712962962962963 0.0109375 0.032407407407407406
1 0.7697916666666667 0.03657407407407407 0.013541666666666669 0.032407407407407406
0 0.77109375 0.0787037037037037 0.015104166666666669 0.03148148148148148
0 0.7434895833333334 0.1587962962962963 0.016145833333333342 0.032407407407407406
1 0.8106770833333333 0.2074074074074074 0.0203125 0.04074074074074074
1 0.8653645833333333 0.11527777777777776 0.01927083333333333 0.030555555555555555
0 0.8765625 0.01574074074074074 0.013541666666666669 0.02962962962962963
1 0.9104166666666668 0.11203703703703703 0.01875 0.03333333333333333
1 0.8955729166666667 0.18425925925925926 0.01927083333333333 0.037037037037037035
1 0.8901041666666667 0.26203703703703696 0.020833333333333332 0.04074074074074074
1 0.8575520833333333 0.29259259259259257 0.01927083333333333 0.03888888888888889
1 0.91171875 0.3125 0.021354166666666667 0.041666666666666664
1 0.9520833333333332 0.25092592592592594 0.013541666666666669 0.027777777777777776
1 0.9239583333333332 0.3800925925925926 0.022916666666666658 0.045370370370370366
1 0.95625 0.4587962962962963 0.026041666666666668 0.03981481481481482
1 0.9677083333333332 0.3106481481481482 0.019791666666666662 0.045370370370370366
1 0.85859375 0.0787037037037037 0.013020833333333334 0.027777777777777776
1 0.9890625 0.6796296296296296 0.021875 0.053703703703703705
1 0.98828125 0.587037037037037 0.0234375 0.04629629629629629
1 0.9401041666666666 0.5115740740740741 0.020833333333333332 0.03611111111111112
