1 0.17418032786885246 0.29131175468483816 0.03483606557377049 0.09540034071550256
1 0.3504098360655737 0.3781942078364566 0.05122950819672131 0.08517887563884156
1 0.5292008196721312 0.3671209540034072 0.05430327868852459 0.09369676320272573
1 0.7566598360655737 0.3432708688245315 0.05430327868852459 0.09369676320272573
1 0.867827868852459 0.35008517887563884 0.02663934426229508 0.1141396933560477
0 0.6839139344262295 0.3194207836456559 0.017418032786885244 0.035775127768313465
0 0.5963114754098361 0.3918228279386712 0.016393442622950817 0.034071550255536626
0 0.5963114754098361 0.32793867120954 0.016393442622950817 0.03236797274275978
1 0.6618852459016393 0.32453151618398635 0.010245901639344263 0.02555366269165247
1 0.7069672131147541 0.3091993185689949 0.012295081967213116 0.02555366269165247
