1 0.5428286852589641 0.5837070254110612 0.099601593625498 0.15097159940209268
1 0.030876494023904383 0.4446935724962631 0.0199203187250996 0.0343796711509716
1 0.12699203187250996 0.4783258594917788 0.00896414342629482 0.03288490284005978
1 0.2385458167330677 0.4708520179372198 0.012948207171314742 0.02989536621823617
1 0.27091633466135456 0.4588938714499253 0.021912350597609563 0.03288490284005978
1 0.37599601593625503 0.4783258594917788 0.014940239043824704 0.035874439461883414
0 0.3471115537848606 0.4491778774289985 0.022908366533864542 0.03736920777279522
1 0.43177290836653387 0.4506726457399104 0.01693227091633466 0.03736920777279522
1 0.4920318725099602 0.4573991031390134 0.0199203187250996 0.03886397608370702
1 0.6523904382470119 0.4671150971599402 0.01593625498007968 0.03736920777279522
1 0.6942231075697212 0.4506726457399104 0.0099601593625498 0.03139013452914798
1 0.7360557768924303 0.4775784753363229 0.013944223107569721 0.03139013452914798
1 0.8710159362549801 0.3340807174887893 0.01693227091633466 0.02242152466367713
1 0.9372509960159362 0.4559043348281017 0.00796812749003984 0.02690582959641256
0 0.8859561752988048 0.4521674140508221 0.01693227091633466 0.0343796711509716
1 0.8884462151394422 0.3976083707025411 0.01593625498007968 0.02690582959641256
