0 0.13185714285714287 0.9124531835205992 0.046 0.06835205992509362
0 0.029571428571428568 0.6786048689138576 0.040285714285714286 0.06413857677902622
0 0.15071428571428572 0.6860955056179775 0.03857142857142857 0.06601123595505617
0 0.043428571428571434 0.5756086142322098 0.03371428571428572 0.05852059925093633
0 0.16442857142857142 0.5346441947565543 0.043142857142857136 0.06460674157303371
0 0.05771428571428571 0.4386704119850187 0.036000000000000004 0.0599250936329588
0 0.16342857142857142 0.4421816479400749 0.034857142857142864 0.04073033707865169
0 0.20242857142857146 0.3867041198501873 0.034 0.05149812734082397
0 0.06485714285714286 0.2902621722846442 0.03257142857142857 0.05243445692883896
0 0.09771428571428573 0.2418071161048689 0.026285714285714287 0.04073033707865169
0 0.211 0.26006554307116103 0.03514285714285713 0.05758426966292135
0 0.11885714285714286 0.11704119850187265 0.032 0.04775280898876405
0 0.20857142857142852 0.13295880149812733 0.03314285714285714 0.0552434456928839
0 0.2278571428571429 0.06647940074906368 0.03057142857142857 0.04681647940074907
0 0.39571428571428574 0.12476591760299625 0.017714285714285714 0.041666666666666664
1 0.4708571428571429 0.1095505617977528 0.02057142857142857 0.044007490636704116
1 0.517 0.09714419475655432 0.02257142857142857 0.04260299625468165
0 0.4542857142857143 0.14396067415730338 0.028571428571428567 0.04447565543071162
0 0.4578571428571429 0.2024812734082397 0.02657142857142857 0.04447565543071162
1 0.4378571428571428 0.3022003745318352 0.029428571428571432 0.041666666666666664
0 0.474 0.352059925093633 0.02057142857142857 0.04775280898876405
0 0.4535714285714286 0.4035580524344569 0.022 0.04775280898876405
0 0.4561428571428571 0.4911048689138577 0.031142857142857142 0.05337078651685393
0 0.4322857142857143 0.5842696629213483 0.037714285714285714 0.05430711610486892
0 0.4668571428571429 0.6587078651685393 0.03257142857142857 0.0449438202247191
0 0.4757142857142857 0.8412921348314607 0.03428571428571429 0.03932584269662921
0 0.4920000000000001 0.9342228464419476 0.04171428571428572 0.06601123595505617
0 0.4618571428571429 0.9180711610486892 0.015714285714285715 0.04681647940074907
1 0.5227142857142857 0.4459269662921349 0.031142857142857142 0.050093632958801496
0 0.5531428571428572 0.4873595505617978 0.035428571428571434 0.060861423220973786
0 0.5617142857142857 0.3920880149812734 0.03371428571428572 0.05290262172284644
0 0.5342857142857143 0.3862359550561798 0.025142857142857144 0.04775280898876405
0 0.5255714285714286 0.20880149812734086 0.017428571428571432 0.03932584269662921
0 0.546 0.2315074906367041 0.028571428571428567 0.048220973782771535
0 0.5812857142857143 0.1100187265917603 0.02657142857142857 0.04681647940074907
0 0.5885714285714285 0.25163857677902624 0.029142857142857144 0.046348314606741575
0 0.6362857142857142 0.2418071161048689 0.02457142857142857 0.039794007490636704
0 0.6382857142857142 0.34901685393258425 0.03371428571428572 0.050093632958801496
0 0.616 0.5271535580524345 0.029142857142857144 0.03838951310861423
0 0.5621428571428572 0.6725187265917603 0.02771428571428572 0.05664794007490636
0 0.5985714285714285 0.7228464419475655 0.036000000000000004 0.0599250936329588
0 0.6428571428571429 0.7198033707865169 0.03371428571428572 0.05758426966292135
0 0.6494285714285715 0.5514981273408239 0.03371428571428572 0.05898876404494384
0 0.6385714285714286 0.944756554307116 0.029142857142857144 0.060861423220973786
0 0.6178571428571429 0.1544943820224719 0.02771428571428572 0.0402621722846442
0 0.6575714285714286 0.12523408239700373 0.019142857142857142 0.03792134831460674
0 0.6481428571428571 0.07186329588014981 0.024285714285714285 0.03136704119850186
0 0.7145714285714285 0.09878277153558053 0.021714285714285717 0.034644194756554315
0 0.6897142857142857 0.13178838951310862 0.025142857142857144 0.03136704119850186
0 0.7191428571428572 0.17532771535580524 0.028571428571428567 0.03792134831460674
0 0.706 0.2771535580524345 0.03371428571428572 0.044007490636704116
0 0.7291428571428571 0.2556179775280899 0.012571428571428572 0.04588014981273408
0 0.7002857142857143 0.3752340823970037 0.03314285714285714 0.041666666666666664
0 0.7302857142857143 0.4229868913857678 0.03314285714285714 0.05196629213483146
0 0.7551428571428571 0.4302434456928839 0.01657142857142857 0.04213483146067416
0 0.7425714285714285 0.5325374531835206 0.03371428571428572 0.05102996254681648
0 0.7348571428571429 0.6713483146067416 0.03714285714285714 0.044007490636704116
0 0.7688571428571429 0.8061797752808989 0.036000000000000004 0.05430711610486892
0 0.7854285714285715 0.8782771535580525 0.022857142857142857 0.034644194756554315
0 0.8021428571428572 0.9721441947565544 0.034571428571428565 0.05571161048689138
0 0.7594285714285715 0.1018258426966292 0.017142857142857144 0.028558052434456933
