1 0.041319444444444436 0.8835227272727273 0.06736111111111111 0.11477272727272728
1 0.12569444444444444 0.7857954545454545 0.06527777777777778 0.11022727272727273
0 0.16770833333333332 0.7159090909090909 0.05069444444444445 0.09545454545454546
0 0.09513888888888887 0.4789772727272728 0.04444444444444445 0.0715909090909091
1 0.08402777777777777 0.3545454545454545 0.03888888888888889 0.08863636363636364
1 0.025694444444444443 0.31988636363636364 0.03611111111111112 0.07386363636363638
0 0.08125 0.046590909090909086 0.04861111111111111 0.07954545454545454
1 0.29756944444444444 0.07443181818181817 0.05347222222222222 0.08295454545454546
1 0.259375 0.26988636363636365 0.05347222222222222 0.0715909090909091
1 0.2642361111111111 0.4977272727272728 0.04652777777777778 0.09090909090909093
1 0.3743055555555556 0.928409090909091 0.07083333333333333 0.10454545454545454
1 0.5184027777777778 0.7482954545454545 0.06458333333333334 0.08068181818181819
1 0.565625 0.8261363636363637 0.07152777777777777 0.10227272727272728
1 0.4975694444444445 0.43068181818181817 0.057638888888888885 0.09090909090909093
1 0.4833333333333333 0.2772727272727273 0.0625 0.08636363636363636
1 0.4902777777777778 0.1494318181818182 0.056944444444444436 0.07386363636363638
1 0.6409722222222223 0.4931818181818182 0.04861111111111111 0.08181818181818183
1 0.6604166666666667 0.2727272727272727 0.052777777777777785 0.09090909090909093
1 0.7475694444444444 0.26875 0.057638888888888885 0.0943181818181818
1 0.9333333333333332 0.6443181818181818 0.06944444444444445 0.075
1 0.8930555555555556 0.3471590909090909 0.06111111111111111 0.08295454545454546
1 0.8225694444444445 0.20227272727272727 0.04652777777777778 0.07272727272727272
1 0.8204861111111111 0.08977272727272728 0.04513888888888889 0.06363636363636363
