0 0.1495 0.8434163701067615 0.117 0.21352313167259787
0 0.0645 0.5889679715302492 0.103 0.1387900355871886
1 0.0445 0.3905693950177936 0.081 0.09786476868327404
1 0.1405 0.3701067615658363 0.08900000000000001 0.16725978647686832
1 0.2085 0.34608540925266906 0.041 0.08362989323843416
0 0.275 0.4137010676156584 0.094 0.17259786476868327
1 0.3455 0.6797153024911032 0.113 0.19217081850533807
1 0.443 0.6485765124555161 0.086 0.14412811387900354
1 0.5875 0.6396797153024911 0.133 0.2295373665480427
1 0.4970000000000001 0.4430604982206406 0.042 0.14590747330960854
0 0.3585 0.3638790035587189 0.065 0.13345195729537365
0 0.453 0.3113879003558719 0.07 0.12455516014234876
0 0.583 0.2811387900355872 0.062 0.11387900355871886
0 0.211 0.18505338078291814 0.054000000000000006 0.099644128113879
1 0.1745 0.20551601423487545 0.035 0.08362989323843416
1 0.1225 0.1387900355871886 0.041 0.07473309608540925
1 0.03 0.2081850533807829 0.058 0.11743772241992882
0 0.0735 0.199288256227758 0.037000000000000005 0.07473309608540925
1 0.1955 0.04359430604982206 0.027000000000000003 0.04804270462633452
1 0.244 0.1192170818505338 0.022 0.046263345195729534
1 0.2635 0.1895017793594306 0.043 0.08362989323843416
1 0.41 0.3202846975088968 0.04 0.10320284697508897
1 0.38 0.21619217081850534 0.038 0.06227758007117438
1 0.3345 0.16459074733096085 0.037000000000000005 0.05871886120996441
1 0.3765 0.15658362989323846 0.043 0.05693950177935943
1 0.333 0.05604982206405694 0.026 0.05516014234875445
1 0.2925 0.0604982206405694 0.011 0.03914590747330962
1 0.3955 0.0800711743772242 0.023 0.046263345195729534
1 0.412 0.11565836298932385 0.03 0.046263345195729534
0 0.479 0.12366548042704628 0.038 0.07295373665480427
1 0.512 0.2081850533807829 0.042 0.09252669039145907
1 0.5045 0.2793594306049822 0.041 0.08540925266903915
1 0.5165 0.050711743772242 0.013 0.051601423487544484
1 0.578 0.0596085409252669 0.022 0.04092526690391459
1 0.6365 0.04092526690391459 0.027000000000000003 0.05338078291814947
0 0.655 0.1699288256227758 0.044 0.07651245551601424
0 0.626 0.2713523131672598 0.026 0.09430604982206406
1 0.68 0.3772241992882561 0.062 0.10320284697508897
1 0.687 0.18149466192170816 0.028 0.0711743772241993
0 0.6985 0.061387900355871876 0.021 0.04448398576512457
1 0.6809999999999999 0.5240213523131673 0.028 0.07651245551601424
1 0.748 0.5791814946619217 0.08199999999999999 0.17259786476868327
1 0.8165 0.7749110320284698 0.123 0.2473309608540925
1 0.848 0.2811387900355872 0.06 0.11387900355871886
0 0.9555 0.3202846975088968 0.025 0.099644128113879
1 0.895 0.2624555160142349 0.034 0.101423487544484
1 0.74 0.3594306049822064 0.052000000000000005 0.07473309608540925
1 0.7965 0.21263345195729536 0.049 0.08362989323843416
1 0.7805 0.11298932384341635 0.045 0.08718861209964412
0 0.8270000000000001 0.08896797153024913 0.03 0.08185053380782918
1 0.912 0.12811387900355872 0.02 0.0604982206405694
