1 0.0874 0.3308338332333533 0.0396 0.07978404319136173
1 0.4172 0.2783443311337733 0.04 0.0647870425914817
1 0.4482 0.15836832633473305 0.0284 0.06958608278344333
1 0.5206 0.1832633473305339 0.0332 0.07018596280743851
0 0.605 0.1820635872825435 0.0284 0.0629874025194961
0 0.6424 0.2033593281343732 0.0432 0.08038392321535692
1 0.759 0.17096580683863227 0.0332 0.0599880023995201
1 0.8458 0.2234553089382124 0.0332 0.07018596280743851
1 0.949 0.2033593281343732 0.0268 0.0599880023995201
0 0.9798 0.2006598680263947 0.0348 0.07498500299940011
