1 0.08933333333333332 0.33 0.04 0.092
1 0.4176666666666667 0.2825 0.043333333333333335 0.073
1 0.4483333333333333 0.16 0.02866666666666667 0.07200000000000001
1 0.5233333333333333 0.18600000000000005 0.03866666666666667 0.08
0 0.6033333333333334 0.181 0.034666666666666665 0.06
0 0.6416666666666667 0.2 0.042 0.08199999999999999
1 0.7573333333333333 0.175 0.04 0.062
1 0.845 0.2235 0.035333333333333335 0.065
1 0.9516666666666668 0.2065 0.03133333333333333 0.055
0 0.9806666666666668 0.205 0.03333333333333333 0.07200000000000001
