1 0.09 0.3013493253373313 0.056 0.08695652173913042
0 0.243 0.35907046476761617 0.048 0.0734632683658171
1 0.345 0.2706146926536732 0.052000000000000005 0.08545727136431784
1 0.368 0.6836581709145427 0.102 0.1979010494752624
1 0.409 0.4767616191904048 0.086 0.13193403298350825
1 0.534 0.2548725637181409 0.03 0.05997001499250375
1 0.616 0.4355322338830585 0.09 0.15442278860569714
0 0.674 0.20539730134932527 0.034 0.06896551724137931
1 0.6965 0.3058470764617691 0.045 0.07496251874062969
1 0.7725 0.4505247376311844 0.057 0.0944527736131934
1 0.7929999999999999 0.280359820089955 0.052000000000000005 0.08095952023988005
1 0.892 0.527736131934033 0.116 0.16491754122938532
1 0.93 0.2128935532233883 0.038 0.05997001499250375
1 0.8740000000000001 0.2151424287856072 0.04 0.06446776611694154
1 0.0285 0.6109445277361321 0.055 0.11544227886056972
