1 0.2311320754716981 0.3403441682600382 0.05660377358490566 0.10707456978967496
1 0.3028301886792453 0.2581261950286807 0.07547169811320754 0.14531548757170173
1 0.4080188679245283 0.36424474187380496 0.0669811320754717 0.14722753346080306
1 0.35471698113207545 0.6682600382409177 0.06226415094339624 0.13957934990439771
1 0.4688679245283019 0.2332695984703633 0.04716981132075472 0.12237093690248566
1 0.5334905660377358 0.19789674952198846 0.04811320754716982 0.11663479923518165
1 0.4811320754716981 0.875717017208413 0.06415094339622641 0.1338432122370937
1 0.7353773584905661 0.25143403441682605 0.07641509433962264 0.16634799235181644
1 0.905188679245283 0.07265774378585088 0.07452830188679245 0.14149139579349904
1 0.9702830188679246 0.11663479923518165 0.05943396226415095 0.16443594646271512
