1 0.2774547803617571 0.246124031007752 0.027777777777777776 0.040697674418604654
0 0.3591731266149871 0.27374031007751937 0.03875968992248062 0.04748062015503876
1 0.4867571059431525 0.2344961240310077 0.038113695090439284 0.06395348837209303
1 0.6143410852713178 0.29457364341085274 0.04909560723514212 0.06782945736434108
1 0.7177002583979328 0.32703488372093026 0.04392764857881137 0.06686046511627906
1 0.8372093023255814 0.3003875968992248 0.06201550387596898 0.08527131782945736
1 0.9777131782945736 0.2868217054263566 0.04198966408268734 0.11046511627906977
1 0.2225452196382429 0.28343023255813954 0.02131782945736434 0.0377906976744186
1 0.19412144702842374 0.25872093023255816 0.022609819121447036 0.04263565891472868
1 0.1560077519379845 0.2616279069767442 0.020025839793281645 0.03682170542635658
1 0.12080103359173125 0.25726744186046513 0.02325581395348837 0.030038759689922482
