1 0.0875 0.27436281859070466 0.041 0.07496251874062969
1 0.158 0.3058470764617691 0.04 0.07796101949025487
1 0.277 0.2518740629685157 0.042 0.07496251874062969
1 0.399 0.3658170914542729 0.042 0.07196401799100449
1 0.4165 0.2488755622188905 0.041 0.053973013493253376
1 0.5505 0.212143928035982 0.039 0.07646176911544228
1 0.6559999999999999 0.272863568215892 0.024 0.07796101949025487
1 0.7115 0.29610194902548725 0.037000000000000005 0.08245877061469266
1 0.8385 0.2893553223388306 0.039 0.06296851574212893
1 0.9025 0.3133433283358321 0.037000000000000005 0.06596701649175413
