1 0.25416666666666665 0.2076167076167076 0.04833333333333333 0.07862407862407862
1 0.3920833333333333 0.2407862407862408 0.03083333333333333 0.04668304668304668
0 0.43041666666666667 0.21928746928746928 0.034166666666666665 0.05036855036855037
0 0.4529166666666667 0.2972972972972973 0.034166666666666665 0.036855036855036855
0 0.5008333333333334 0.2401719901719901 0.03333333333333333 0.0601965601965602
1 0.6075 0.214987714987715 0.021666666666666667 0.04176904176904177
1 0.6429166666666667 0.29484029484029484 0.03083333333333333 0.06142506142506143
1 0.7475 0.2893120393120393 0.03666666666666667 0.07248157248157247
0 0.82625 0.2444717444717445 0.04583333333333333 0.07616707616707617
1 0.9125 0.2880835380835381 0.04833333333333333 0.08230958230958231
0 0.33791666666666664 0.2954545454545455 0.02583333333333333 0.03562653562653563
