1 0.04625 0.4846153846153846 0.019166666666666658 0.04615384615384616
1 0.13375 0.5484615384615384 0.03583333333333333 0.06615384615384616
1 0.1825 0.5284615384615384 0.05833333333333333 0.11846153846153848
1 0.23 0.5015384615384615 0.03333333333333333 0.06769230769230769
1 0.32083333333333336 0.6776923076923077 0.06 0.10923076923076924
1 0.04666666666666667 0.4192307692307693 0.013333333333333334 0.02307692307692308
1 0.0925 0.4184615384615384 0.015 0.02769230769230769
1 0.11708333333333333 0.42538461538461536 0.020833333333333332 0.03538461538461538
1 0.14 0.4230769230769231 0.01833333333333333 0.030769230769230767
1 0.29625 0.4330769230769231 0.024166666666666663 0.05076923076923077
1 0.3204166666666667 0.4507692307692308 0.0175 0.033846153846153845
1 0.335 0.5115384615384615 0.02666666666666667 0.04461538461538461
1 0.3575 0.4092307692307692 0.015 0.033846153846153845
1 0.4429166666666667 0.4738461538461538 0.0275 0.04
1 0.4216666666666667 0.6453846153846153 0.03 0.047692307692307694
1 0.49625 0.4653846153846154 0.019166666666666658 0.06
1 0.5370833333333334 0.5007692307692307 0.03083333333333333 0.06615384615384616
1 0.525 0.6238461538461538 0.041666666666666664 0.13384615384615384
1 0.46375 0.37461538461538463 0.0175 0.03538461538461538
1 0.4220833333333333 0.38 0.020833333333333332 0.036923076923076927
1 0.64125 0.5053846153846154 0.04083333333333333 0.06615384615384616
1 0.5766666666666667 0.43538461538461537 0.02333333333333333 0.033846153846153845
1 0.6775 0.3676923076923077 0.015 0.033846153846153845
1 0.6641666666666667 0.33 0.015 0.02923076923076923
1 0.7775 0.6953846153846154 0.13166666666666665 0.2492307692307693
1 0.9591666666666666 0.4169230769230769 0.04 0.09230769230769233
1 0.8729166666666667 0.45 0.02583333333333333 0.05076923076923077
1 0.07541666666666667 0.5969230769230769 0.0175 0.04
1 0.06333333333333334 0.4107692307692308 0.013333333333333334 0.02769230769230769
