1 0.38813559322033897 0.26358024691358023 0.06440677966101695 0.13209876543209875
1 0.4549152542372881 0.2308641975308642 0.061016949152542375 0.12839506172839507
1 0.6528813559322034 0.15925925925925927 0.061016949152542375 0.09876543209876544
1 0.6711864406779661 0.2802469135802469 0.06644067796610169 0.12345679012345676
1 0.6928813559322033 0.5907407407407408 0.08 0.13209876543209875
1 0.7596610169491526 0.24012345679012345 0.05491525423728814 0.09012345679012346
1 0.8518644067796609 0.21296296296296294 0.03864406779661017 0.08765432098765433
1 0.8169491525423729 0.21666666666666667 0.03796610169491525 0.07777777777777778
1 0.947457627118644 0.2438271604938272 0.02915254237288136 0.0654320987654321
1 0.23796610169491525 0.13271604938271606 0.06508474576271188 0.17160493827160495
