1 0.05 0.27429667519181583 0.04833333333333333 0.06777493606138107
1 0.185 0.25 0.04 0.06010230179028132
1 0.26625 0.2557544757033248 0.03583333333333333 0.06649616368286446
1 0.4083333333333333 0.24104859335038364 0.041666666666666664 0.06265984654731457
1 0.45375 0.2320971867007673 0.03083333333333333 0.054987212276214836
1 0.4879166666666666 0.2269820971867008 0.029166666666666667 0.06265984654731457
1 0.5225 0.170076726342711 0.03333333333333333 0.040920716112531966
1 0.5116666666666667 0.2813299232736573 0.03833333333333333 0.05882352941176471
1 0.5766666666666667 0.35294117647058826 0.05666666666666665 0.08695652173913042
0 0.6725 0.21035805626598467 0.043333333333333335 0.07544757033248081
1 0.6925 0.37404092071611256 0.061666666666666675 0.10869565217391304
1 0.8095833333333333 0.18414322250639387 0.0375 0.06138107416879796
1 0.80125 0.3452685421994885 0.0525 0.06905370843989769
1 0.9179166666666668 0.4539641943734015 0.08083333333333333 0.13554987212276215
0 0.865 0.4245524296675192 0.035 0.07672634271099744
