1 0.0830078125 0.2338235294117647 0.087890625 0.15
1 0.16796875 0.3911764705882353 0.140625 0.2
1 0.4033203125 0.3647058823529412 0.072265625 0.1
1 0.4375 0.2147058823529412 0.06640625 0.08235294117647059
1 0.458984375 0.2926470588235294 0.05859375 0.10882352941176472
1 0.5341796875 0.2661764705882353 0.115234375 0.16176470588235295
1 0.6787109375 0.2647058823529412 0.068359375 0.1
0 0.6484375 0.1264705882352941 0.046875 0.07058823529411765
0 0.740234375 0.20441176470588235 0.046875 0.07352941176470587
1 0.8125 0.2764705882352941 0.0703125 0.1176470588235294
1 0.8876953125 0.4441176470588235 0.111328125 0.15294117647058825
1 0.88671875 0.2426470588235294 0.0546875 0.07941176470588235
1 0.8603515625 0.12205882352941175 0.052734375 0.07352941176470587
