1 0.13588709677419356 0.4613180515759313 0.10725806451612904 0.2005730659025788
1 0.18225806451612905 0.35816618911174786 0.07419354838709677 0.1489971346704871
1 0.11209677419354838 0.22206303724928367 0.04838709677419355 0.09742120343839544
1 0.3278225806451613 0.4469914040114613 0.15080645161290324 0.2722063037249284
1 0.19596774193548386 0.17048710601719194 0.04838709677419355 0.08595988538681948
1 0.6092741935483871 0.4820916905444126 0.10725806451612904 0.15902578796561606
1 0.6342741935483871 0.17550143266475646 0.06854838709677419 0.10744985673352436
1 0.7536290322580645 0.3230659025787966 0.07983870967741935 0.15329512893982808
1 0.9592741935483872 0.2227793696275072 0.0717741935483871 0.1303724928366762
1 0.01935483870967742 0.2521489971346705 0.037096774193548385 0.11174785100286533
